85
-203
438
390
-136
124
451
-182
474
278
-491
-270
358
92
-89
-163
361
-102
-329
-430
-282
437
150
-338
-254
99
-242
-214
-299
301
-444
132
135
-71
-445
486
-222
-291
-457
-440
304
-3
189
-463
-447
155
245
131
-141
-248
94
145
-143
138
-73
-460
12
68
465
-63
460
227
83
307
-331
6
-221
-282
58
476
490
419
-134
209
-192
-468
-401
-152
-424
322
449
61
-395
382
-130
377
-46
229
252
456
-34
164
-82
-270
-231
381
360
-22
306
499
-323
-283
-199
337
-378
-193
301
-2
142
-49
396
-169
53
193
235
127
295
-433
379
-375
-438
-43
-179
-373
183
-475
69
-9
172
-171
-140
237
-281
-35
371
-446
20
281
288
-131
341
-153
236
170
25
-263
111
-500
48
121
86
-75
249
474
-84
-15
-303
-199
456
173
149
198
83
-117
403
354
-280
7
33
-63
108
209
427
-45
-63
-196
-283
180
-209
250
-142
402
302
397
172
-486
292
171
-8
-465
-458
269
-101
431
-153
-324
-198
-86
372
267
400
394
366
434
412
137
235
291
274
435
443
409
-202
-83
324
414
128
-56
-353
358
165
423
71
-447
30
278
-67
-74
307
14
-271
27
483
399
67
393
18
477
268
230
441
144
384
398
83
-312
-401
434
312
-17
-151
-328
183
-400
393
-450
-248
-198
122
-175
-51
-26
-19
66
394
159
66
494
33
73
424
-80
484
-354
284
98
472
-447
-314
76
44
480
-254
-395
-211
-405
286
-374
409
-258
385
-176
-352
-69
473
407
-171
68
101
-216
-131
39
409
211
-403
-261
-43
-111
480
-449
-145
423
-11
-305
339
-148
265
278
-182
292
494
-20
-93
-312
-91
-238
302
-419
203
-178
186
-126
-470
-351
-103
246
473
-479
41
141
-499
-358
-87
-69
-397
-389
381
412
-227
-198
-221
276
-466
72
3
-85
-474
-317
299
-369
5
-396
-171
-454
-208
170
-82
210
-488
-15
-339
224
203
-484
-377
-95
259
-209
445
-339
457
-140
71
-413
-235
9
-231
-342
473
114
43
111
317
456
149
-446
488
-198
498
-13
323
-95
355
142
131
-23
155
-168
-420
446
56
142
324
368
164
397
-179
265
310
81
-426
-329
-126
338
-337
-249
-209
-102
151
147
305
-465
-329
149
28
-167
-271
-185
-428
-44
348
-110
-182
-54
-269
-93
153
-302
-179
-229
192
-156
71
-428
98
405
-235
268
493
-369
136
380
-164
-270
-23
382
-294
-62
35
-431
-226
-203
-348
7
178
-184
-159
245
445
-450
388
-274
78
183
60
60
44
-492
-378
39
374
445
22
-471
-212
-488
-391
48
180
388
30
-102
196
232
440
-165
485
-184
-226
404
-267
-219
-385
-306
397
-23
252
-302
-237
171
-380
471
435
35
-113
-395
145
390
121
-87
334
396
71
-105
342
365
23
447
128
220
-10
-406
-172
-207
-113
209
319
37
-398
346
294
233
378
-24
283
-343
310
438
-51
-353
-273
458
187
-180
254
59
245
416
-117
487
-167
358
-281
476
371
-183
-388
-202
-284
-280
234
-369
374
387
51
-470
409
-459
-460
26
365
-372
388
424
448
-434
340
-222
412
-174
106
448
404
146
-449
185
-213
-159
-266
449
387
-430
-231
-103
-447
59
413
119
135
-378
-183
448
-297
9
-265
178
-239
-292
147
-9
10
-401
-38
-455
311
144
464
-236
-166
243
-456
130
-261
-170
-89
313
415
82
203
378
290
-109
7
-474
-471
295
-332
-341
-369
143
-278
424
-413
-460
-40
359
111
-479
318
409
259
-404
-91
-479
23
-364
-474
-482
-310
-12
367
-258
-234
217
-156
152
-123
139
-255
229
112
51
-396
-207
49
253
178
467
-318
117
-377
-500
-196
114
-272
-356
306
-440
395
-195
-217
430
334
-318
-103
29
137
37
-241
412
-74
349
-45
-298
263
354
465
-493
-192
393
59
458
-33
-30
-7
-245
369
478
-131
-362
308
-463
-43
152
139
135
458
73
-352
-223
58
424
461
205
68
196
492
-302
494
-137
171
-116
473
327
-306
81
-176
-293
22
-212
291
219
-232
16
-455
352
259
-372
-366
-475
210
266
2
-41
443
-275
302
384
261
-455
491
49
-373
-355
-19
62
-352
22
-255
-314
492
434
261
467
50
183
-382
-146
293
-382
427
491
185
229
-164
159
-201
269
419
-394
-129
222
54
108
19
-64
-271
-275
-104
105
-154
-297
61
-357
-414
470
-386
-186
-119
11
-358
-89
345
-143
19
-345
-178
493
-84
-38
236
-299
-277
252
-38
-395
-40
-72
178
469
-412
-298
263
428
-191
-375
174
-470
-416
101
455
-315
-226
-238
292
323
83
-368
226
41
-437
76
-261
-110
-259
-401
13
474
376
242
221
-454
-178
48
-431
-301
107
-25
-436
432
385
157
10
-62
-105
-483
-286
318
278
-372
-286
-212
-415
-328
12
-358
6
11
-480
-356
476
-326
-399
-361
-278
493
-241
-478
447
-123
-307
-166
-357
-41
-205
-152
454
-158
243
-168
456
165
-348
-426
293
-231
382
332
-262
-421
79
-290
100
-210
-29
84
60
75
78
246
-227
-435
342
-152
134
211
205
-40
231
203
-104
440
499
-117
-322
452
377
-344
439
-237
349
317
-212
-197
495
154
-400
-314
-351
494
-355
205
-391
-482
-40
93
17
-368
460
7
